[gd_scene format=3 uid="uid://d1fwd7obo1fch"]

[ext_resource type="PackedScene" uid="uid://cajj8pme2ge4i" path="res://objects/character/character.tscn" id="1_hp8tt"]
[ext_resource type="Script" uid="uid://psj01yhvkovn" path="res://scripts/network/playerSpawner.gd" id="4_fc0cb"]
[ext_resource type="PackedScene" uid="uid://chlcnb4bjpiej" path="res://objects/pill/pill_baby.tscn" id="5_6d32c"]
[ext_resource type="Texture2D" uid="uid://cvihlkmrqwvle" path="res://assets/faces/hyperlaser.png" id="5_fp8sd"]
[ext_resource type="Script" uid="uid://c4t5f238cmuor" path="res://scripts/random/map/bowlingBall.gd" id="6_dtumg"]
[ext_resource type="Script" uid="uid://sq7bnuaeyjv1" path="res://scripts/random/map/cannon.gd" id="8_ixdry"]
[ext_resource type="Script" uid="uid://dqom6sp6fdd0i" path="res://scripts/random/map/racing.gd" id="9_e8gw0"]

[sub_resource type="ProceduralSkyMaterial" id="ProceduralSkyMaterial_0k6pt"]

[sub_resource type="Sky" id="Sky_8dclr"]
sky_material = SubResource("ProceduralSkyMaterial_0k6pt")

[sub_resource type="Environment" id="Environment_fc0cb"]
background_mode = 2
sky = SubResource("Sky_8dclr")
fog_enabled = true
fog_density = 0.005
fog_aerial_perspective = 1.0
fog_sky_affect = 0.0
adjustment_enabled = true
adjustment_brightness = 1.05
adjustment_contrast = 1.1

[sub_resource type="StandardMaterial3D" id="StandardMaterial3D_c37uw"]
albedo_color = Color(0.097200006, 0.12599999, 0.27, 1)

[sub_resource type="StandardMaterial3D" id="StandardMaterial3D_0k6pt"]
albedo_color = Color(0.31230086, 0.54196703, 1, 1)

[sub_resource type="PhysicsMaterial" id="PhysicsMaterial_6d32c"]
friction = 0.5
rough = true
bounce = 0.7

[sub_resource type="PhysicsMaterial" id="PhysicsMaterial_fp8sd"]
friction = 0.5

[sub_resource type="StandardMaterial3D" id="StandardMaterial3D_ixdry"]
detail_enabled = true
detail_albedo = ExtResource("5_fp8sd")
uv1_scale = Vector3(2.285, 2.285, 2.285)
uv1_offset = Vector3(0, -0.74, 2.945)

[sub_resource type="SphereMesh" id="SphereMesh_ixdry"]
material = SubResource("StandardMaterial3D_ixdry")

[sub_resource type="SphereShape3D" id="SphereShape3D_e8gw0"]

[sub_resource type="StandardMaterial3D" id="StandardMaterial3D_fp8sd"]
albedo_color = Color(0.79, 0.79, 0.79, 1)

[sub_resource type="ViewportTexture" id="ViewportTexture_fp8sd"]
viewport_path = NodePath("map/murder room/wall2/Sprite3D/SubViewport")

[node name="workspace" type="Node3D" unique_id=838490936]

[node name="environment" type="WorldEnvironment" parent="." unique_id=445199769]
environment = SubResource("Environment_fc0cb")

[node name="sun" type="DirectionalLight3D" parent="." unique_id=951604018]
transform = Transform3D(1, 0, 0, 0, 0.8660254, 0.5, 0, -0.5, 0.8660254, 0, 0, 0)
shadow_enabled = true

[node name="map" type="Node3D" parent="." unique_id=731626370]

[node name="ground" type="CSGBox3D" parent="map" unique_id=559140274]
transform = Transform3D(1, 0, 0, 0, 1, 0, 0, 0, 1, 0, -2, 0)
use_collision = true
size = Vector3(128, 4, 128)
material = SubResource("StandardMaterial3D_c37uw")
metadata/_edit_lock_ = true

[node name="bowling" type="Node3D" parent="map" unique_id=1019651541]

[node name="ground4" type="CSGBox3D" parent="map/bowling" unique_id=754639793]
transform = Transform3D(1, 0, 0, 0, 1, 0, 0, 0, 1, 0.68356323, 0.095184326, -19.846771)
use_collision = true
size = Vector3(3.9397583, 0.19036865, 14)
material = SubResource("StandardMaterial3D_0k6pt")

[node name="ground5" type="CSGBox3D" parent="map/bowling" unique_id=1831203728]
transform = Transform3D(1, 0, 0, 0, 1, 0, 0, 0, 1, -1.3509425, 0.25123215, -19.846771)
use_collision = true
size = Vector3(0.26733398, 0.5024643, 14)
material = SubResource("StandardMaterial3D_0k6pt")

[node name="ground6" type="CSGBox3D" parent="map/bowling" unique_id=1907997618]
transform = Transform3D(1, 0, 0, 0, 1, 0, 0, 0, 1, 2.7362585, 0.27097702, -19.846771)
use_collision = true
size = Vector3(0.26733398, 0.54195404, 14)
material = SubResource("StandardMaterial3D_0k6pt")

[node name="sword" parent="map/bowling" unique_id=1208815051 instance=ExtResource("5_6d32c")]
transform = Transform3D(-1, 0, 8.742278e-08, 0, 1, 0, -8.742278e-08, 0, -1, 0.8565576, 0.69036865, -24.02295)
physics_material_override = SubResource("PhysicsMaterial_6d32c")

[node name="skateboard" parent="map/bowling" unique_id=1383129533 instance=ExtResource("5_6d32c")]
transform = Transform3D(-1, 0, -8.742278e-08, 0, 1, 0, 8.742278e-08, 0, -1, 1.2565576, 0.69036865, -24.706532)

[node name="biograft" parent="map/bowling" unique_id=1913680769 instance=ExtResource("5_6d32c")]
transform = Transform3D(-1, 0, -8.742278e-08, 0, 1, 0, 8.742278e-08, 0, -1, 0.45655763, 0.69036865, -24.706532)

[node name="slingshot" parent="map/bowling" unique_id=250453064 instance=ExtResource("5_6d32c")]
transform = Transform3D(-1, 0, -8.742278e-08, 0, 1, 0, 8.742278e-08, 0, -1, 0.45655763, 0.69036865, -25.906532)

[node name="hyperlaser" parent="map/bowling" unique_id=1231214092 instance=ExtResource("5_6d32c")]
transform = Transform3D(-1, 0, -8.742278e-08, 0, 1, 0, 8.742278e-08, 0, -1, 1.2565575, 0.69036865, -25.906532)

[node name="medkit" parent="map/bowling" unique_id=139602982 instance=ExtResource("5_6d32c")]
transform = Transform3D(-1, 0, -8.742278e-08, 0, 1, 0, 8.742278e-08, 0, -1, 2.0565577, 0.69036865, -25.906532)

[node name="coil" parent="map/bowling" unique_id=1047456135 instance=ExtResource("5_6d32c")]
transform = Transform3D(-1, 0, -8.742278e-08, 0, 1, 0, 8.742278e-08, 0, -1, -0.34344235, 0.69036865, -25.906532)

[node name="katana" parent="map/bowling" unique_id=1502840465 instance=ExtResource("5_6d32c")]
transform = Transform3D(-1, 0, -8.742278e-08, 0, 1, 0, 8.742278e-08, 0, -1, 0.8565576, 0.69036865, -25.306532)

[node name="banhammer" parent="map/bowling" unique_id=1597542229 instance=ExtResource("5_6d32c")]
transform = Transform3D(-1, 0, -8.742278e-08, 0, 1, 0, 8.742278e-08, 0, -1, 1.6565576, 0.69036865, -25.306532)

[node name="rocket" parent="map/bowling" unique_id=1435448056 instance=ExtResource("5_6d32c")]
transform = Transform3D(-1, 0, -8.742278e-08, 0, 1, 0, 8.742278e-08, 0, -1, 0.056557655, 0.69036865, -25.306532)

[node name="ball" type="RigidBody3D" parent="map/bowling" unique_id=1843174694]
transform = Transform3D(-0.8005612, -0.57628226, 0.16431823, 0.46217537, -0.41923183, 0.78143376, -0.38143894, 0.70152944, 0.60196435, 0.8105813, 0.69036865, -10.707166)
mass = 0.1
physics_material_override = SubResource("PhysicsMaterial_fp8sd")
script = ExtResource("6_dtumg")
metadata/_edit_group_ = true

[node name="MeshInstance3D" type="MeshInstance3D" parent="map/bowling/ball" unique_id=654368279]
transform = Transform3D(0.18480638, 0.38474327, -0.90433365, 0.7308365, 0.56140876, 0.38819918, 0.6570574, -0.7326614, -0.17743245, 0, 0, 0)
mesh = SubResource("SphereMesh_ixdry")

[node name="CollisionShape3D" type="CollisionShape3D" parent="map/bowling/ball" unique_id=659786703]
shape = SubResource("SphereShape3D_e8gw0")

[node name="ground8" type="CSGBox3D" parent="map/bowling" unique_id=1469727284]
transform = Transform3D(1, 0, 0, 0, 1, 0, 0, 0, 1, 2.0560913, 0.095184326, -7.8919315)
use_collision = true
size = Vector3(12.2052, 0.19036865, 10.235699)
material = SubResource("StandardMaterial3D_0k6pt")

[node name="playground" type="Node3D" parent="map" unique_id=2013419226]

[node name="ground4" type="CSGBox3D" parent="map/playground" unique_id=1043796923]
transform = Transform3D(1, 0, 0, 0, 1, 0, 0, 0, 1, -4.0651855, 0.26507568, 0.7826996)
use_collision = true
size = Vector3(2.130371, 0.53015137, 2.7410583)
material = SubResource("StandardMaterial3D_0k6pt")

[node name="ground3" type="CSGBox3D" parent="map/playground" unique_id=50156974]
transform = Transform3D(1, 0, 0, 0, 1, 0, 0, 0, 1, -4.3969116, 1.0914608, 1.2353172)
use_collision = true
size = Vector3(0.9935303, 1.2147827, 1.0722275)
material = SubResource("StandardMaterial3D_0k6pt")

[node name="shuri" parent="map/playground" unique_id=1173244225 instance=ExtResource("5_6d32c")]
transform = Transform3D(-0.13612276, -0.94346505, 0.30223215, -0.9344822, 0.020979594, -0.35539165, 0.32895884, -0.33080736, -0.88450706, -2.068604, 0.5000002, 0.26799887)

[node name="sub2" parent="map/playground" unique_id=859712757 instance=ExtResource("5_6d32c")]
transform = Transform3D(-0.94785756, 0, -0.31869474, 0, 0.9999999, 0, 0.31869474, 0, -0.94785756, -4.4201946, 2.198852, 1.3266611)

[node name="sub" parent="map/playground" unique_id=1386394032 instance=ExtResource("5_6d32c")]
transform = Transform3D(0.6886332, 0, -0.72511005, 0, 0.9999999, 0, 0.72511005, 0, 0.6886332, -4.811684, 1.0301514, 0.032458544)

[node name="hyper" parent="map/playground" unique_id=171316655 instance=ExtResource("5_6d32c")]
transform = Transform3D(-0.14281882, 0.98965716, 0.01347383, -0.12203527, -0.0040983064, -0.99251723, -0.9821967, -0.1433945, 0.121358424, -4.1101923, 0.8782499, -0.30621308)

[node name="coil" parent="map/playground" unique_id=1269806408 instance=ExtResource("5_6d32c")]
transform = Transform3D(-0.8875584, 0, -0.46069548, 0, 1, 0, 0.46069548, 0, -0.8875584, -4.432129, 0.5, -1.1489234)

[node name="vine" parent="map/playground" unique_id=46277783 instance=ExtResource("5_6d32c")]
transform = Transform3D(0.34143704, 0.8892286, -0.3044554, -0.48653576, -0.10993257, -0.86671674, -0.80417895, 0.44405755, 0.39510652, -2.4735792, 0.39327955, 1.0260643)

[node name="murder room" type="Node3D" parent="map" unique_id=1821394403]

[node name="celing" type="CSGBox3D" parent="map/murder room" unique_id=913131087]
transform = Transform3D(-4.371139e-08, 0, -1, 0, 1, 0, 1, 0, -4.371139e-08, 15.081063, 5.314911, 2.9780047)
use_collision = true
size = Vector3(7.373429, 1, 7.9714355)
material = SubResource("StandardMaterial3D_fp8sd")

[node name="ceiling" type="CSGBox3D" parent="map/murder room" unique_id=1915223870]
transform = Transform3D(-4.371139e-08, 0, -1, 0, 1, 0, 1, 0, -4.371139e-08, 9.459697, 5.314911, 2.2958148)
use_collision = true
size = Vector3(6.009049, 1, 3.018921)
material = SubResource("StandardMaterial3D_fp8sd")

[node name="wall6" type="CSGBox3D" parent="map/murder room" unique_id=994703417]
transform = Transform3D(-1, 0, 8.742278e-08, 0, 1, 0, -8.742278e-08, 0, -1, 15.056171, 2.4074554, 6.6752195)
use_collision = true
size = Vector3(8.502595, 4.814911, 0.6804714)
material = SubResource("StandardMaterial3D_fp8sd")

[node name="wall7" type="CSGBox3D" parent="map/murder room" unique_id=1602513646]
transform = Transform3D(1.3113416e-07, 0, 1, 0, 1, 0, -1, 0, 1.3113416e-07, 11.1304035, 2.4074554, 5.647806)
use_collision = true
size = Vector3(1.4809344, 4.814911, 0.6804714)
material = SubResource("StandardMaterial3D_fp8sd")

[node name="wall4" type="CSGBox3D" parent="map/murder room" unique_id=1553113087]
transform = Transform3D(-4.371139e-08, 0, -1, 0, 1, 0, 1, 0, -4.371139e-08, 8.110115, 2.4074554, 2.2470694)
use_collision = true
size = Vector3(5.464859, 4.814911, 0.6804714)
material = SubResource("StandardMaterial3D_fp8sd")

[node name="sub" type="CSGBox3D" parent="map/murder room/wall4" unique_id=872981102]
transform = Transform3D(1, 0, 0, 0, 1, 0, 0, 0, 1, -0.7699213, -1.3751678, -0.008507729)
operation = 2
use_collision = true
size = Vector3(1.1240845, 2.0645752, 0.8911872)
material = SubResource("StandardMaterial3D_fp8sd")

[node name="wall5" type="CSGBox3D" parent="map/murder room" unique_id=48089860]
transform = Transform3D(1.3113416e-07, 0, 1, 0, 1, 0, -1, 0, 1.3113416e-07, 11.153389, 2.4074554, 2.2470694)
use_collision = true
size = Vector3(5.464859, 4.814911, 0.6804714)
material = SubResource("StandardMaterial3D_fp8sd")

[node name="sub" type="CSGBox3D" parent="map/murder room/wall5" unique_id=91098681]
transform = Transform3D(1, 0, 0, 0, 1, 0, 0, 0, 1, -0.7699213, -1.3751678, -0.008507729)
operation = 2
use_collision = true
size = Vector3(1.1240845, 2.0645752, 0.8911872)
material = SubResource("StandardMaterial3D_fp8sd")

[node name="lights" type="Node3D" parent="map/murder room" unique_id=1846499259]

[node name="light" type="OmniLight3D" parent="map/murder room/lights" unique_id=869808502]
transform = Transform3D(1, 0, 0, 0, 1, 0, 0, 0, 1, 12.788552, 3.0585003, 0.7538414)
light_color = Color(0.84, 0, 0, 1)
shadow_enabled = true
distance_fade_enabled = true
omni_range = 22.22

[node name="light2" type="OmniLight3D" parent="map/murder room/lights" unique_id=2061318041]
transform = Transform3D(1, 0, 0, 0, 1, 0, 0, 0, 1, 17.252022, 3.0585003, 0.67268753)
light_color = Color(0.84, 0, 0, 1)
shadow_enabled = true
distance_fade_enabled = true
omni_range = 22.22

[node name="light3" type="OmniLight3D" parent="map/murder room/lights" unique_id=2000065431]
transform = Transform3D(1, 0, 0, 0, 1, 0, 0, 0, 1, 17.252022, 3.0585003, 5.197021)
light_color = Color(0.84, 0, 0, 1)
shadow_enabled = true
distance_fade_enabled = true
omni_range = 22.22

[node name="light4" type="OmniLight3D" parent="map/murder room/lights" unique_id=962741744]
transform = Transform3D(1, 0, 0, 0, 1, 0, 0, 0, 1, 12.808844, 3.0585003, 5.2984624)
light_color = Color(0.84, 0, 0, 1)
shadow_enabled = true
distance_fade_enabled = true
omni_range = 22.22

[node name="pills" type="Node3D" parent="map/murder room" unique_id=1786567126]

[node name="sword" parent="map/murder room/pills" unique_id=1414264408 instance=ExtResource("5_6d32c")]
transform = Transform3D(-4.371139e-08, 0, 1, 0, 1, 0, -1, 0, -4.371139e-08, 16.0144, 1.0301514, 0.54124844)

[node name="skate" parent="map/murder room/pills" unique_id=197384147 instance=ExtResource("5_6d32c")]
transform = Transform3D(-4.371139e-08, 0, 1, 0, 1, 0, -1, 0, -4.371139e-08, 16.0144, 1.0301514, 1.2482208)

[node name="bio" parent="map/murder room/pills" unique_id=1618868175 instance=ExtResource("5_6d32c")]
transform = Transform3D(-4.371139e-08, 0, 1, 0, 1, 0, -1, 0, -4.371139e-08, 16.0144, 1.0301514, 1.966705)

[node name="tana" parent="map/murder room/pills" unique_id=1267471857 instance=ExtResource("5_6d32c")]
transform = Transform3D(-4.371139e-08, 0, 1, 0, 1, 0, -1, 0, -4.371139e-08, 16.0144, 1.0301514, 2.7387595)

[node name="ban" parent="map/murder room/pills" unique_id=1212325261 instance=ExtResource("5_6d32c")]
transform = Transform3D(-4.371139e-08, 0, 1, 0, 1, 0, -1, 0, -4.371139e-08, 16.0144, 1.0301514, 3.4225953)

[node name="rocket" parent="map/murder room/pills" unique_id=176678513 instance=ExtResource("5_6d32c")]
transform = Transform3D(-4.371139e-08, 0, 1, 0, 1, 0, -1, 0, -4.371139e-08, 16.786453, 1.0301514, 0.54124844)

[node name="sling" parent="map/murder room/pills" unique_id=1722349595 instance=ExtResource("5_6d32c")]
transform = Transform3D(-4.371139e-08, 0, 1, 0, 1, 0, -1, 0, -4.371139e-08, 16.786453, 1.0301514, 1.2482208)

[node name="hyper" parent="map/murder room/pills" unique_id=872516885 instance=ExtResource("5_6d32c")]
transform = Transform3D(-4.371139e-08, 0, 1, 0, 1, 0, -1, 0, -4.371139e-08, 16.786453, 1.0301514, 1.966705)

[node name="shuri" parent="map/murder room/pills" unique_id=31083502 instance=ExtResource("5_6d32c")]
transform = Transform3D(-4.371139e-08, 0, 1, 0, 1, 0, -1, 0, -4.371139e-08, 16.786453, 1.0301514, 2.7387595)

[node name="scythe" parent="map/murder room/pills" unique_id=2073398204 instance=ExtResource("5_6d32c")]
transform = Transform3D(-4.371139e-08, 0, 1, 0, 1, 0, -1, 0, -4.371139e-08, 16.786453, 1.0301514, 3.4225953)

[node name="med" parent="map/murder room/pills" unique_id=1740909527 instance=ExtResource("5_6d32c")]
transform = Transform3D(-4.371139e-08, 0, 1, 0, 1, 0, -1, 0, -4.371139e-08, 17.560087, 1.0301514, 0.54124844)

[node name="bb" parent="map/murder room/pills" unique_id=282742788 instance=ExtResource("5_6d32c")]
transform = Transform3D(-4.371139e-08, 0, 1, 0, 1, 0, -1, 0, -4.371139e-08, 17.560087, 1.0301514, 1.2482208)

[node name="sub" parent="map/murder room/pills" unique_id=1413781416 instance=ExtResource("5_6d32c")]
transform = Transform3D(-4.371139e-08, 0, 1, 0, 1, 0, -1, 0, -4.371139e-08, 17.560087, 1.0301514, 1.966705)

[node name="vine" parent="map/murder room/pills" unique_id=638518311 instance=ExtResource("5_6d32c")]
transform = Transform3D(-4.371139e-08, 0, 1, 0, 1, 0, -1, 0, -4.371139e-08, 17.560087, 1.0301514, 2.7387595)

[node name="coil" parent="map/murder room/pills" unique_id=209027227 instance=ExtResource("5_6d32c")]
transform = Transform3D(-4.371139e-08, 0, 1, 0, 1, 0, -1, 0, -4.371139e-08, 17.560087, 1.0301514, 3.4225953)

[node name="sword2" parent="map/murder room/pills" unique_id=1698277754 instance=ExtResource("5_6d32c")]
transform = Transform3D(0.34016618, 0, 0.9403653, 0, 1, 0, -0.9403653, 0, 0.34016618, 13.446944, 1.0301514, 1.2571443)

[node name="skate2" parent="map/murder room/pills" unique_id=2102168190 instance=ExtResource("5_6d32c")]
transform = Transform3D(0.34016618, 0, 0.9403653, 0, 1, 0, -0.9403653, 0, 0.34016618, 13.206456, 1.0301514, 1.9219568)

[node name="bio2" parent="map/murder room/pills" unique_id=1278643635 instance=ExtResource("5_6d32c")]
transform = Transform3D(0.34016618, 0, 0.9403653, 0, 1, 0, -0.9403653, 0, 0.34016618, 12.962051, 1.0301514, 2.5975943)

[node name="tana2" parent="map/murder room/pills" unique_id=276922281 instance=ExtResource("5_6d32c")]
transform = Transform3D(0.34016618, 0, 0.9403653, 0, 1, 0, -0.9403653, 0, 0.34016618, 12.699425, 1.0301514, 3.3236077)

[node name="ban2" parent="map/murder room/pills" unique_id=43285854 instance=ExtResource("5_6d32c")]
transform = Transform3D(0.34016618, 0, 0.9403653, 0, 1, 0, -0.9403653, 0, 0.34016618, 12.466807, 1.0301514, 3.9666634)

[node name="rocket2" parent="map/murder room/pills" unique_id=1092579465 instance=ExtResource("5_6d32c")]
transform = Transform3D(0.34016618, 0, 0.9403653, 0, 1, 0, -0.9403653, 0, 0.34016618, 14.1729555, 1.0301514, 1.5197706)

[node name="sling2" parent="map/murder room/pills" unique_id=930778878 instance=ExtResource("5_6d32c")]
transform = Transform3D(0.34016618, 0, 0.9403653, 0, 1, 0, -0.9403653, 0, 0.34016618, 13.932467, 1.0301514, 2.1845832)

[node name="hyper2" parent="map/murder room/pills" unique_id=1702598606 instance=ExtResource("5_6d32c")]
transform = Transform3D(0.34016618, 0, 0.9403653, 0, 1, 0, -0.9403653, 0, 0.34016618, 13.688064, 1.0301514, 2.8602204)

[node name="shuri2" parent="map/murder room/pills" unique_id=1337746983 instance=ExtResource("5_6d32c")]
transform = Transform3D(0.34016618, 0, 0.9403653, 0, 1, 0, -0.9403653, 0, 0.34016618, 13.425436, 1.0301514, 3.5862339)

[node name="scythe2" parent="map/murder room/pills" unique_id=1390460412 instance=ExtResource("5_6d32c")]
transform = Transform3D(0.34016618, 0, 0.9403653, 0, 1, 0, -0.9403653, 0, 0.34016618, 13.192819, 1.0301514, 4.2292895)

[node name="med2" parent="map/murder room/pills" unique_id=2031190538 instance=ExtResource("5_6d32c")]
transform = Transform3D(0.34016618, 0, 0.9403653, 0, 1, 0, -0.9403653, 0, 0.34016618, 14.900454, 1.0301514, 1.7829348)

[node name="bb2" parent="map/murder room/pills" unique_id=177548570 instance=ExtResource("5_6d32c")]
transform = Transform3D(0.34016618, 0, 0.9403653, 0, 1, 0, -0.9403653, 0, 0.34016618, 14.6599655, 1.0301514, 2.4477472)

[node name="sub2" parent="map/murder room/pills" unique_id=971159782 instance=ExtResource("5_6d32c")]
transform = Transform3D(0.34016618, 0, 0.9403653, 0, 1, 0, -0.9403653, 0, 0.34016618, 14.415562, 1.0301514, 3.1233845)

[node name="vine2" parent="map/murder room/pills" unique_id=641395112 instance=ExtResource("5_6d32c")]
transform = Transform3D(0.34016618, 0, 0.9403653, 0, 1, 0, -0.9403653, 0, 0.34016618, 14.152935, 1.0301514, 3.8493981)

[node name="coil2" parent="map/murder room/pills" unique_id=725386192 instance=ExtResource("5_6d32c")]
transform = Transform3D(0.34016618, 0, 0.9403653, 0, 1, 0, -0.9403653, 0, 0.34016618, 13.920317, 1.0301514, 4.4924536)

[node name="sword3" parent="map/murder room/pills" unique_id=493148467 instance=ExtResource("5_6d32c")]
transform = Transform3D(0.73493826, 0, 0.678134, 0, 1, 0, -0.678134, 0, 0.73493826, 16.856405, 1.0301514, 2.547666)

[node name="skate3" parent="map/murder room/pills" unique_id=745210571 instance=ExtResource("5_6d32c")]
transform = Transform3D(0.73493826, 0, 0.678134, 0, 1, 0, -0.678134, 0, 0.73493826, 16.336824, 1.0301514, 3.0270882)

[node name="bio3" parent="map/murder room/pills" unique_id=1466218787 instance=ExtResource("5_6d32c")]
transform = Transform3D(0.73493826, 0, 0.678134, 0, 1, 0, -0.678134, 0, 0.73493826, 15.808783, 1.0301514, 3.5143166)

[node name="tana3" parent="map/murder room/pills" unique_id=412479935 instance=ExtResource("5_6d32c")]
transform = Transform3D(0.73493826, 0, 0.678134, 0, 1, 0, -0.678134, 0, 0.73493826, 15.24137, 1.0301514, 4.0378733)

[node name="ban3" parent="map/murder room/pills" unique_id=1432600322 instance=ExtResource("5_6d32c")]
transform = Transform3D(0.73493826, 0, 0.678134, 0, 1, 0, -0.678134, 0, 0.73493826, 14.738793, 1.0301514, 4.501606)

[node name="rocket3" parent="map/murder room/pills" unique_id=1328311121 instance=ExtResource("5_6d32c")]
transform = Transform3D(0.73493826, 0, 0.678134, 0, 1, 0, -0.678134, 0, 0.73493826, 17.379961, 1.0301514, 3.1150775)

[node name="sling3" parent="map/murder room/pills" unique_id=1976367106 instance=ExtResource("5_6d32c")]
transform = Transform3D(0.73493826, 0, 0.678134, 0, 1, 0, -0.678134, 0, 0.73493826, 16.86038, 1.0301514, 3.594499)

[node name="hyper3" parent="map/murder room/pills" unique_id=1731261752 instance=ExtResource("5_6d32c")]
transform = Transform3D(0.73493826, 0, 0.678134, 0, 1, 0, -0.678134, 0, 0.73493826, 16.332338, 1.0301514, 4.0817275)

[node name="shuri3" parent="map/murder room/pills" unique_id=2062350848 instance=ExtResource("5_6d32c")]
transform = Transform3D(0.73493826, 0, 0.678134, 0, 1, 0, -0.678134, 0, 0.73493826, 15.764925, 1.0301514, 4.605284)

[node name="scythe3" parent="map/murder room/pills" unique_id=1602788392 instance=ExtResource("5_6d32c")]
transform = Transform3D(0.73493826, 0, 0.678134, 0, 1, 0, -0.678134, 0, 0.73493826, 15.262348, 1.0301514, 5.0690165)

[node name="med3" parent="map/murder room/pills" unique_id=2119506173 instance=ExtResource("5_6d32c")]
transform = Transform3D(0.73493826, 0, 0.678134, 0, 1, 0, -0.678134, 0, 0.73493826, 17.904589, 1.0301514, 3.683651)

[node name="bb3" parent="map/murder room/pills" unique_id=112273319 instance=ExtResource("5_6d32c")]
transform = Transform3D(0.73493826, 0, 0.678134, 0, 1, 0, -0.678134, 0, 0.73493826, 17.385006, 1.0301514, 4.163072)

[node name="sub3" parent="map/murder room/pills" unique_id=256807297 instance=ExtResource("5_6d32c")]
transform = Transform3D(0.73493826, 0, 0.678134, 0, 1, 0, -0.678134, 0, 0.73493826, 16.856964, 1.0301514, 4.6503005)

[node name="vine3" parent="map/murder room/pills" unique_id=2088210518 instance=ExtResource("5_6d32c")]
transform = Transform3D(0.73493826, 0, 0.678134, 0, 1, 0, -0.678134, 0, 0.73493826, 16.289553, 1.0301514, 5.1738567)

[node name="coil3" parent="map/murder room/pills" unique_id=526728035 instance=ExtResource("5_6d32c")]
transform = Transform3D(0.73493826, 0, 0.678134, 0, 1, 0, -0.678134, 0, 0.73493826, 15.786976, 1.0301514, 5.6375904)

[node name="sword4" parent="map/murder room/pills" unique_id=280489216 instance=ExtResource("5_6d32c")]
transform = Transform3D(0.8680653, -0.4923324, -0.06380765, 0.4910077, 0.8704073, -0.036091812, 0.07330781, 0, 0.9973093, 15.268153, 3.7714114, 3.6519113)

[node name="skate4" parent="map/murder room/pills" unique_id=96288079 instance=ExtResource("5_6d32c")]
transform = Transform3D(0.8680653, -0.4923324, -0.06380765, 0.4910077, 0.8704073, -0.036091812, 0.07330781, 0, 0.9973093, 14.654455, 3.4242823, 3.6000848)

[node name="bio4" parent="map/murder room/pills" unique_id=2117474195 instance=ExtResource("5_6d32c")]
transform = Transform3D(0.8680653, -0.4923324, -0.06380765, 0.4910077, 0.8704073, -0.036091812, 0.07330781, 0, 0.9973093, 14.030764, 3.0715013, 3.5474138)

[node name="tana4" parent="map/murder room/pills" unique_id=463927886 instance=ExtResource("5_6d32c")]
transform = Transform3D(0.8680653, -0.4923324, -0.06380765, 0.4910077, 0.8704073, -0.036091812, 0.07330781, 0, 0.9973093, 13.36057, 2.6924162, 3.4908166)

[node name="ban4" parent="map/murder room/pills" unique_id=595480982 instance=ExtResource("5_6d32c")]
transform = Transform3D(0.8680653, -0.4923324, -0.06380765, 0.4910077, 0.8704073, -0.036091812, 0.07330781, 0, 0.9973093, 12.766956, 2.356648, 3.4406862)

[node name="rocket4" parent="map/murder room/pills" unique_id=1224101792 instance=ExtResource("5_6d32c")]
transform = Transform3D(0.8680653, -0.4923324, -0.06380765, 0.4910077, 0.8704073, -0.036091812, 0.07330781, 0, 0.9973093, 15.21889, 3.7435465, 4.4218874)

[node name="sling4" parent="map/murder room/pills" unique_id=652663129 instance=ExtResource("5_6d32c")]
transform = Transform3D(0.8680653, -0.4923324, -0.06380765, 0.4910077, 0.8704073, -0.036091812, 0.07330781, 0, 0.9973093, 14.605192, 3.396418, 4.3700604)

[node name="hyper4" parent="map/murder room/pills" unique_id=1736242195 instance=ExtResource("5_6d32c")]
transform = Transform3D(0.8680653, -0.4923324, -0.06380765, 0.4910077, 0.8704073, -0.036091812, 0.07330781, 0, 0.9973093, 13.981502, 3.0436368, 4.3173895)

[node name="shuri4" parent="map/murder room/pills" unique_id=2031722775 instance=ExtResource("5_6d32c")]
transform = Transform3D(0.8680653, -0.4923324, -0.06380765, 0.4910077, 0.8704073, -0.036091812, 0.07330781, 0, 0.9973093, 13.311307, 2.6645515, 4.2607913)

[node name="scythe4" parent="map/murder room/pills" unique_id=826262162 instance=ExtResource("5_6d32c")]
transform = Transform3D(0.8680653, -0.4923324, -0.06380765, 0.4910077, 0.8704073, -0.036091812, 0.07330781, 0, 0.9973093, 12.717693, 2.328783, 4.210661)

[node name="med4" parent="map/murder room/pills" unique_id=1197336080 instance=ExtResource("5_6d32c")]
transform = Transform3D(0.8680653, -0.4923324, -0.06380765, 0.4910077, 0.8704073, -0.036091812, 0.07330781, 0, 0.9973093, 15.169527, 3.7156248, 5.19344)

[node name="bb4" parent="map/murder room/pills" unique_id=239181741 instance=ExtResource("5_6d32c")]
transform = Transform3D(0.8680653, -0.4923324, -0.06380765, 0.4910077, 0.8704073, -0.036091812, 0.07330781, 0, 0.9973093, 14.555828, 3.368496, 5.1416116)

[node name="sub4" parent="map/murder room/pills" unique_id=1452245133 instance=ExtResource("5_6d32c")]
transform = Transform3D(0.8680653, -0.4923324, -0.06380765, 0.4910077, 0.8704073, -0.036091812, 0.07330781, 0, 0.9973093, 13.932137, 3.0157142, 5.0889406)

[node name="vine4" parent="map/murder room/pills" unique_id=1320605370 instance=ExtResource("5_6d32c")]
transform = Transform3D(0.8680653, -0.4923324, -0.06380765, 0.4910077, 0.8704073, -0.036091812, 0.07330781, 0, 0.9973093, 13.261943, 2.6366298, 5.032343)

[node name="coil4" parent="map/murder room/pills" unique_id=257610451 instance=ExtResource("5_6d32c")]
transform = Transform3D(0.8680653, -0.4923324, -0.06380765, 0.4910077, 0.8704073, -0.036091812, 0.07330781, 0, 0.9973093, 12.668328, 2.300861, 4.982214)

[node name="wall" type="CSGBox3D" parent="map/murder room" unique_id=1807047351]
transform = Transform3D(1, 0, 0, 0, 1, 0, 0, 0, 1, 13.222603, 2.4074554, -0.76324403)
use_collision = true
size = Vector3(10.908218, 4.814911, 0.6804714)
material = SubResource("StandardMaterial3D_fp8sd")

[node name="wall3" type="CSGBox3D" parent="map/murder room" unique_id=1485661571]
transform = Transform3D(1, 0, 0, 0, 1, 0, 0, 0, 1, 9.286716, 2.4074554, 5.336025)
use_collision = true
size = Vector3(3.0364456, 4.814911, 0.6804714)
material = SubResource("StandardMaterial3D_fp8sd")

[node name="wall2" type="CSGBox3D" parent="map/murder room" unique_id=660556948]
transform = Transform3D(-4.371139e-08, 0, -1, 0, 1, 0, 1, 0, -4.371139e-08, 18.982893, 2.4074554, 2.6858215)
use_collision = true
size = Vector3(7.5269184, 4.814911, 0.6804714)
material = SubResource("StandardMaterial3D_fp8sd")

[node name="Sprite3D" type="Sprite3D" parent="map/murder room/wall2" unique_id=158921486]
transform = Transform3D(1, 0, 0, 0, 1, 0, 0, 0, 1, 0, 0, 0.42310905)
texture = SubResource("ViewportTexture_fp8sd")

[node name="SubViewport" type="SubViewport" parent="map/murder room/wall2/Sprite3D" unique_id=1203025947]
disable_3d = true
transparent_bg = true
handle_input_locally = false
size = Vector2i(1152, 648)
render_target_update_mode = 4

[node name="Label" type="Label" parent="map/murder room/wall2/Sprite3D/SubViewport" unique_id=1547851432]
anchors_preset = -1
anchor_right = 1.0
anchor_bottom = 1.0
theme_override_colors/font_color = Color(1, 0, 0, 1)
theme_override_font_sizes/font_size = 100
text = "MURDER"
horizontal_alignment = 1
vertical_alignment = 1

[node name="cannon" type="Node3D" parent="map" unique_id=800951790]

[node name="ban" parent="map/cannon" unique_id=1177440031 instance=ExtResource("5_6d32c")]
transform = Transform3D(2.6424266e-06, 0, -35, 0, 35, 0, 35, 0, 2.6424266e-06, -28.53162, 17.5, 35.157917)
mass = 750.0
gravity_scale = 0.2

[node name="pills" type="Node3D" parent="map/cannon" unique_id=1942823228]
transform = Transform3D(0.9988046, 0.048880443, 0, -0.048880443, 0.9988046, 0, 0, 0, 1, 19.166525, -0.40494826, 36.88959)

[node name="scythe" parent="map/cannon/pills" unique_id=1157154861 instance=ExtResource("5_6d32c")]
transform = Transform3D(0.007843085, 0.7210629, 0.6928253, -0.36005238, 0.64841217, -0.67076373, -0.9328992, -0.24419254, 0.2647059, -7.383732, 4.5435615, -0.46111298)

[node name="scythe2" parent="map/cannon/pills" unique_id=595147795 instance=ExtResource("5_6d32c")]
transform = Transform3D(0.007843085, 0.7210629, 0.6928253, -0.36005238, 0.64841217, -0.67076373, -0.9328992, -0.24419254, 0.2647059, -7.391576, 4.903614, 0.4717865)

[node name="scythe3" parent="map/cannon/pills" unique_id=1362009832 instance=ExtResource("5_6d32c")]
transform = Transform3D(0.007843085, 0.72106284, 0.6928253, -0.36005235, 0.6484121, -0.67076373, -0.9328992, -0.24419254, 0.2647059, -7.0140247, 5.714225, -1.5522308)

[node name="scythe4" parent="map/cannon/pills" unique_id=1676840390 instance=ExtResource("5_6d32c")]
transform = Transform3D(0.007843085, 0.7210629, 0.6928253, -0.36005238, 0.64841217, -0.67076373, -0.9328992, -0.24419254, 0.2647059, -7.0521727, 4.265361, -2.0338745)

[node name="scythe5" parent="map/cannon/pills" unique_id=232786812 instance=ExtResource("5_6d32c")]
transform = Transform3D(0.007843085, 0.7210629, 0.6928253, -0.36005238, 0.64841217, -0.67076373, -0.9328992, -0.24419254, 0.2647059, -6.209614, 5.83257, -0.2678337)

[node name="scythe6" parent="map/cannon/pills" unique_id=966331957 instance=ExtResource("5_6d32c")]
transform = Transform3D(0.007843085, 0.7210629, 0.6928253, -0.36005238, 0.64841217, -0.67076373, -0.9328992, -0.24419254, 0.2647059, -8.329636, 3.7003326, -0.122097015)

[node name="scythe7" parent="map/cannon/pills" unique_id=914416677 instance=ExtResource("5_6d32c")]
transform = Transform3D(0.007843085, 0.7210629, 0.6928253, -0.36005238, 0.64841217, -0.67076373, -0.9328992, -0.24419254, 0.2647059, -10.005868, 5.995406, 0.07752609)

[node name="scythe8" parent="map/cannon/pills" unique_id=2110350048 instance=ExtResource("5_6d32c")]
transform = Transform3D(0.007843085, 0.72106284, 0.6928253, -0.36005235, 0.6484121, -0.67076373, -0.9328992, -0.24419254, 0.2647059, -8.353507, 4.2987723, 0.45682526)

[node name="scythe9" parent="map/cannon/pills" unique_id=2048152781 instance=ExtResource("5_6d32c")]
transform = Transform3D(0.007843085, 0.72106284, 0.6928253, -0.36005235, 0.6484121, -0.67076373, -0.9328992, -0.24419254, 0.2647059, -7.683179, 4.539796, -1.6166534)

[node name="scythe10" parent="map/cannon/pills" unique_id=1988336091 instance=ExtResource("5_6d32c")]
transform = Transform3D(-0.6356091, -0.34057936, 0.69282544, -0.39467478, -0.6279396, -0.67076373, 0.6635008, -0.69978404, 0.2647059, -9.224274, 5.302711, -0.13276291)

[node name="scythe11" parent="map/cannon/pills" unique_id=1251850601 instance=ExtResource("5_6d32c")]
transform = Transform3D(-0.6356091, -0.34057936, 0.69282544, -0.39467478, -0.6279396, -0.67076373, 0.6635008, -0.69978404, 0.2647059, -9.232116, 5.662763, 0.80013657)

[node name="scythe12" parent="map/cannon/pills" unique_id=1066335594 instance=ExtResource("5_6d32c")]
transform = Transform3D(-0.6356091, -0.34057936, 0.69282544, -0.39467478, -0.6279396, -0.67076373, 0.6635008, -0.69978404, 0.2647059, -7.8767366, 6.263977, -1.2238808)

[node name="scythe13" parent="map/cannon/pills" unique_id=1368683854 instance=ExtResource("5_6d32c")]
transform = Transform3D(-0.6356091, -0.34057936, 0.69282544, -0.39467478, -0.6279396, -0.67076373, 0.6635008, -0.69978404, 0.2647059, -8.892714, 5.0245094, -1.7055244)

[node name="scythe14" parent="map/cannon/pills" unique_id=1188580708 instance=ExtResource("5_6d32c")]
transform = Transform3D(-0.6356091, -0.34057936, 0.69282544, -0.39467478, -0.6279396, -0.67076373, 0.6635008, -0.69978404, 0.2647059, -8.050155, 6.59172, 0.060516357)

[node name="scythe15" parent="map/cannon/pills" unique_id=248761587 instance=ExtResource("5_6d32c")]
transform = Transform3D(-0.63560903, -0.34057936, 0.69282544, -0.39467475, -0.6279395, -0.67076373, 0.6635008, -0.69978404, 0.2647059, -9.96078, 5.437312, 0.20625305)

[node name="scythe16" parent="map/cannon/pills" unique_id=1322811136 instance=ExtResource("5_6d32c")]
transform = Transform3D(-0.6356091, -0.34057936, 0.69282544, -0.39467478, -0.6279396, -0.67076373, 0.6635008, -0.69978404, 0.2647059, -7.846409, 5.7545557, -1.5941238)

[node name="scythe17" parent="map/cannon/pills" unique_id=1380480826 instance=ExtResource("5_6d32c")]
transform = Transform3D(-0.6356091, -0.34057936, 0.69282544, -0.39467478, -0.6279396, -0.67076373, 0.6635008, -0.69978404, 0.2647059, -10.194047, 6.0579214, 0.7851753)

[node name="scythe18" parent="map/cannon/pills" unique_id=590969542 instance=ExtResource("5_6d32c")]
transform = Transform3D(-0.6356091, -0.34057936, 0.69282544, -0.39467478, -0.6279396, -0.67076373, 0.6635008, -0.69978404, 0.2647059, -9.733117, 5.3211145, -1.2883034)

[node name="scythe19" parent="map/cannon/pills" unique_id=1244891887 instance=ExtResource("5_6d32c")]
transform = Transform3D(-0.44222456, -0.51009184, 0.73772895, 0.50015974, -0.82301176, -0.2692436, 0.7444985, 0.24991614, 0.6190833, -8.638856, 5.6565228, -0.36105728)

[node name="scythe20" parent="map/cannon/pills" unique_id=1393731954 instance=ExtResource("5_6d32c")]
transform = Transform3D(-0.44222456, -0.51009184, 0.73772895, 0.50015974, -0.82301176, -0.2692436, 0.7444985, 0.24991614, 0.6190833, -8.40498, 6.618692, -0.22130203)

[node name="scythe21" parent="map/cannon/pills" unique_id=230931482 instance=ExtResource("5_6d32c")]
transform = Transform3D(-0.44222456, -0.51009184, 0.73772895, 0.50015974, -0.82301176, -0.2692436, 0.7444985, 0.24991614, 0.6190833, -7.6196365, 4.9223766, -1.8948898)

[node name="scythe22" parent="map/cannon/pills" unique_id=1241806422 instance=ExtResource("5_6d32c")]
transform = Transform3D(-0.44222456, -0.51009184, 0.73772895, 0.50015974, -0.82301176, -0.2692436, 0.7444985, 0.24991614, 0.6190833, -8.725654, 4.1274652, -0.92261887)

[node name="scythe23" parent="map/cannon/pills" unique_id=1353702239 instance=ExtResource("5_6d32c")]
transform = Transform3D(-0.44222456, -0.51009184, 0.73772895, 0.50015974, -0.82301176, -0.2692436, 0.7444985, 0.24991614, 0.6190833, -7.4547186, 6.1995363, -1.5359688)

[node name="scythe24" parent="map/cannon/pills" unique_id=178592270 instance=ExtResource("5_6d32c")]
transform = Transform3D(-0.44222456, -0.51009184, 0.73772895, 0.50015974, -0.82301176, -0.2692436, 0.7444985, 0.24991614, 0.6190833, -9.464785, 5.730518, 0.6553421)

[node name="scythe25" parent="map/cannon/pills" unique_id=214467362 instance=ExtResource("5_6d32c")]
transform = Transform3D(-0.44222456, -0.51009184, 0.73772895, 0.50015974, -0.82301176, -0.2692436, 0.7444985, 0.24991614, 0.6190833, -7.9449873, 4.514638, -1.1194191)

[node name="scythe26" parent="map/cannon/pills" unique_id=301066878 instance=ExtResource("5_6d32c")]
transform = Transform3D(-0.44222456, -0.51009184, 0.73772895, 0.50015974, -0.82301176, -0.2692436, 0.7444985, 0.24991614, 0.6190833, -9.0791855, 7.355882, 0.9027252)

[node name="scythe27" parent="map/cannon/pills" unique_id=677596532 instance=ExtResource("5_6d32c")]
transform = Transform3D(-0.44222456, -0.51009184, 0.73772895, 0.50015974, -0.82301176, -0.2692436, 0.7444985, 0.24991614, 0.6190833, -9.429437, 4.3131514, -0.0032043457)

[node name="scythe28" parent="map/cannon/pills" unique_id=2109498139 instance=ExtResource("5_6d32c")]
transform = Transform3D(0.007843085, 0.7210629, 0.6928253, -0.36005238, 0.64841217, -0.67076373, -0.9328992, -0.24419254, 0.2647059, -7.383732, 4.5435615, -0.46111298)

[node name="scythe29" parent="map/cannon/pills" unique_id=2060453000 instance=ExtResource("5_6d32c")]
transform = Transform3D(0.007843085, 0.7210629, 0.6928253, -0.36005238, 0.64841217, -0.67076373, -0.9328992, -0.24419254, 0.2647059, -7.391576, 4.903614, 0.4717865)

[node name="scythe30" parent="map/cannon/pills" unique_id=1148608867 instance=ExtResource("5_6d32c")]
transform = Transform3D(0.007843085, 0.72106284, 0.6928253, -0.36005235, 0.6484121, -0.67076373, -0.9328992, -0.24419254, 0.2647059, -7.0140247, 5.714225, -1.5522308)

[node name="scythe31" parent="map/cannon/pills" unique_id=1055897953 instance=ExtResource("5_6d32c")]
transform = Transform3D(0.007843085, 0.7210629, 0.6928253, -0.36005238, 0.64841217, -0.67076373, -0.9328992, -0.24419254, 0.2647059, -7.0521727, 4.265361, -2.0338745)

[node name="scythe32" parent="map/cannon/pills" unique_id=1711009267 instance=ExtResource("5_6d32c")]
transform = Transform3D(0.007843085, 0.7210629, 0.6928253, -0.36005238, 0.64841217, -0.67076373, -0.9328992, -0.24419254, 0.2647059, -6.209614, 5.83257, -0.2678337)

[node name="scythe33" parent="map/cannon/pills" unique_id=1865016881 instance=ExtResource("5_6d32c")]
transform = Transform3D(0.007843085, 0.7210629, 0.6928253, -0.36005238, 0.64841217, -0.67076373, -0.9328992, -0.24419254, 0.2647059, -8.329636, 3.7003326, -0.122097015)

[node name="scythe34" parent="map/cannon/pills" unique_id=954945886 instance=ExtResource("5_6d32c")]
transform = Transform3D(0.007843085, 0.7210629, 0.6928253, -0.36005238, 0.64841217, -0.67076373, -0.9328992, -0.24419254, 0.2647059, -10.005868, 5.995406, 0.07752609)

[node name="scythe35" parent="map/cannon/pills" unique_id=1960222778 instance=ExtResource("5_6d32c")]
transform = Transform3D(0.007843085, 0.72106284, 0.6928253, -0.36005235, 0.6484121, -0.67076373, -0.9328992, -0.24419254, 0.2647059, -8.353507, 4.2987723, 0.45682526)

[node name="scythe36" parent="map/cannon/pills" unique_id=7499494 instance=ExtResource("5_6d32c")]
transform = Transform3D(0.007843085, 0.72106284, 0.6928253, -0.36005235, 0.6484121, -0.67076373, -0.9328992, -0.24419254, 0.2647059, -7.683179, 4.539796, -1.6166534)

[node name="scythe37" parent="map/cannon/pills" unique_id=1458894767 instance=ExtResource("5_6d32c")]
transform = Transform3D(-0.6356091, -0.34057936, 0.69282544, -0.39467478, -0.6279396, -0.67076373, 0.6635008, -0.69978404, 0.2647059, -9.224274, 5.302711, -0.13276291)

[node name="scythe38" parent="map/cannon/pills" unique_id=726938262 instance=ExtResource("5_6d32c")]
transform = Transform3D(-0.6356091, -0.34057936, 0.69282544, -0.39467478, -0.6279396, -0.67076373, 0.6635008, -0.69978404, 0.2647059, -9.232116, 5.662763, 0.80013657)

[node name="scythe39" parent="map/cannon/pills" unique_id=976700497 instance=ExtResource("5_6d32c")]
transform = Transform3D(-0.6356091, -0.34057936, 0.69282544, -0.39467478, -0.6279396, -0.67076373, 0.6635008, -0.69978404, 0.2647059, -7.8767366, 6.263977, -1.2238808)

[node name="scythe40" parent="map/cannon/pills" unique_id=1041581501 instance=ExtResource("5_6d32c")]
transform = Transform3D(-0.6356091, -0.34057936, 0.69282544, -0.39467478, -0.6279396, -0.67076373, 0.6635008, -0.69978404, 0.2647059, -8.892714, 5.0245094, -1.7055244)

[node name="scythe41" parent="map/cannon/pills" unique_id=1422643147 instance=ExtResource("5_6d32c")]
